0 
0 
0 
0 
0 
0 
0 
0 
0 
0 
0 
0 
0 
0 
0 
0 
0 
0 
0 
0 
0 
0 
244 
257 
266 
270 
275 
286 
296 
310 
327 
345 
365 
385 
403 
420 
435 
452 
468 
487 
510 
533 
557 
579 
598 
611 
620 
618 
614 
610 
603 
594 
577 
563 
547 
530 
510 
491 
476 
462 
447 
428 
412 
399 
390 
386 
382 
375 
370 
365 
354 
351 
349 
345 
339 
333 
324 
312 
298 
280 
259 
0 
0 
0 
0 
0 
0 
0 
0 
0 
0 
0 
0 
0 
0 
0 
0 
0 
0 
0 
0 
0 
0 
0 
0 
0 
0 
0 
0 
0 
0 
0 
0 
0 
0 
0 
0 
0 
0 
0 
0 
0 
0 
0 
0 
0 
0 
0 
258 
280 
299 
320 
348 
373 
391 
405 
417 
431 
444 
454 
459 
459 
458 
457 
456 
455 
454 
453 
450 
449 
449 
447 
445 
444 
443 
443 
442 
442 
444 
448 
452 
457 
462 
464 
459 
433 
405 
379 
353 
326 
303 
281 
253 
0 
0 
0 
0 
0 
0 
0 
0 
0 
0 
0 
0 
0 
0 
0 
0 
0 
0 
0 
0 
0 
0 
0 
0 
0 
0 
0 
0 
0 
0 
0 
0 
0 
0 
0 
0 
0 
0 
0 
0 
0 
0 
0 
0 
0 
0 
0 
0 
0 
0 
0 
0 
0 
0 
0 
0 
0 
0 
0 
0 
0 
0 
0 
0 
0 
0 
0 
0 
0 
0 
0 
0 
0 
0 
0 
0 
0 
0 
0 
0 
0 
0 
0 
0 
0 
0 
0 
0 
0 
0 
0 
0 
0 
0 
0 
0 
0 
0 
0 
0 
0 
0 
0 
0 
0 
0 
0 
0 
0 
0 
0 
0 
0 
0 
0 
0 
0 
0 
0 
0 
0 
0 
0 
0 
0 
0 
0 
0 
0 
0 
0 
0 
0 
0 
0 
243 
272 
297 
304 
311 
316 
320 
325 
330 
335 
337 
340 
342 
345 
348 
366 
399 
441 
487 
543 
596 
648 
693 
738 
784 
829 
875 
920 
962 
1004 
1042 
1076 
1104 
1126 
1152 
1177 
1195 
1211 
1221 
1237 
1255 
1273 
1301 
1346 
1392 
1440 
1494 
1556 
1598 
1632 
1645 
1646 
1647 
1648 
1652 
1641 
1615 
1580 
1540 
1488 
1437 
1386 
1342 
1298 
1252 
1207 
1161 
1116 
1070 
1025 
976 
928 
886 
845 
805 
763 
720 
674 
629 
583 
538 
490 
438 
385 
332 
280 
0 
0 
0 
0 
0 
0 
0 
0 
0 
0 
0 
0 
0 
0 
0 
0 
0 
0 
0 
0 
0 
0 
0 
0 
0 
0 
0 
0 
0 
0 
0 
0 
0 
0 
0 
0 
0 
0 
0 
0 
0 
0 
0 
0 
0 
0 
0 
0 
0 
0 
0 
0 
0 
0 
0 
0 
0 
0 
0 
0 
0 
0 
0 
0 
0 
0 
0 
0 
0 
0 
0 
0 
0 
0 
0 
0 
0 
0 
0 
0 
0 
0 
0 
0 
0 
0 
0 
0 
0 
0 
0 
0 
0 
0 
0 
0 
0 
0 
0 
0 
0 
0 
0 
0 
0 
0 
0 
0 
0 
0 
0 
0 
0 
0 
0 
0 
0 
0 
0 
0 
0 
0 
0 
0 
0 
0 
0 
0 
0 
0 
0 
0 
0 
0 
0 
0 
0 
0 
0 
0 
0 
0 
0 
0 
0 
0 
0 
0 
0 
0 
0 
0 
0 
0 
0 
0 
0 
0 
0 
0 
0 
0 
0 
0 
0 
0 
0 
0 
0 
0 
0 
0 
0 
0 
0 
0 
0 
0 
0 
0 
0 
0 
0 
0 
0 
0 
0 
0 
0 
0 
0 
0 
0 
0 
0 
0 
0 
0 
0 
0 
0 
0 
0 
