0 
0 
0 
0 
0 
0 
0 
0 
0 
0 
0 
0 
0 
0 
0 
0 
0 
0 
0 
0 
0 
0 
0 
0 
0 
0 
0 
0 
0 
0 
0 
0 
0 
0 
0 
0 
0 
0 
0 
0 
0 
0 
0 
0 
0 
0 
0 
0 
0 
0 
0 
0 
0 
0 
0 
0 
0 
0 
0 
0 
0 
0 
0 
0 
0 
0 
0 
0 
0 
0 
0 
0 
0 
0 
0 
0 
0 
0 
0 
0 
0 
0 
0 
0 
0 
0 
0 
0 
0 
0 
0 
0 
0 
0 
0 
0 
0 
0 
0 
0 
0 
0 
0 
0 
0 
0 
0 
0 
0 
0 
0 
0 
0 
0 
0 
0 
0 
0 
0 
0 
0 
0 
0 
0 
0 
0 
0 
0 
0 
0 
0 
0 
0 
0 
0 
0 
0 
0 
0 
0 
0 
0 
0 
0 
0 
0 
0 
0 
0 
0 
0 
0 
0 
0 
0 
0 
0 
0 
0 
0 
0 
0 
0 
0 
0 
0 
0 
0 
0 
0 
0 
0 
0 
0 
0 
0 
0 
0 
0 
0 
0 
0 
0 
0 
0 
0 
0 
0 
0 
0 
0 
0 
0 
0 
0 
0 
0 
0 
0 
0 
0 
0 
0 
0 
0 
0 
0 
0 
0 
0 
0 
0 
0 
0 
0 
0 
0 
0 
0 
0 
0 
0 
0 
0 
0 
0 
0 
0 
0 
0 
0 
0 
0 
0 
0 
0 
0 
0 
0 
0 
0 
0 
0 
0 
0 
0 
0 
0 
0 
0 
0 
0 
0 
0 
0 
0 
0 
0 
0 
0 
0 
0 
0 
0 
0 
0 
0 
0 
0 
0 
0 
0 
0 
0 
0 
0 
0 
0 
0 
0 
0 
0 
0 
0 
0 
0 
0 
0 
0 
0 
0 
0 
0 
0 
0 
0 
0 
0 
0 
0 
0 
0 
0 
0 
0 
0 
0 
0 
0 
0 
2174 
2213 
2246 
2276 
2308 
2337 
2364 
2389 
2413 
2437 
2463 
2491 
2517 
2536 
2556 
2562 
2559 
2544 
2534 
2527 
2522 
2518 
2518 
2518 
2521 
2537 
2555 
2573 
2598 
2612 
2623 
2639 
2663 
2686 
2708 
2726 
2734 
2735 
2734 
2731 
2735 
2743 
2758 
2779 
2801 
2825 
2848 
2866 
2879 
2893 
2899 
2901 
2902 
2905 
2906 
2909 
2916 
2932 
2948 
2966 
2986 
3004 
3012 
3011 
3001 
2972 
2930 
2889 
2844 
2812 
2794 
2775 
2762 
2746 
2727 
2712 
2710 
2709 
2706 
2702 
2690 
2677 
2662 
2641 
2612 
2578 
2542 
2506 
2469 
2430 
2393 
2356 
2324 
2291 
2266 
2249 
2241 
2235 
2230 
2218 
2199 
2179 
2165 
2163 
2173 
2190 
2214 
2234 
2250 
2255 
2249 
2244 
2238 
2246 
2246 
2233 
2207 
2177 
0 
0 
0 
0 
0 
0 
0 
0 
0 
2177 
2216 
2258 
2296 
2331 
2366 
2394 
2411 
2415 
2412 
2409 
2403 
2397 
2390 
2375 
2356 
2330 
2296 
2261 
2225 
2194 
2168 
2149 
0 
0 
0 
0 
0 
0 
0 
0 
0 
0 
0 
0 
0 
0 
0 
0 
0 
0 
0 
0 
0 
0 
0 
0 
0 
0 
0 
0 
0 
0 
0 
0 
0 
0 
0 
0 
0 
0 
0 
0 
2154 
2192 
2229 
2266 
2299 
2332 
2361 
2382 
2397 
2409 
2416 
2420 
2426 
2434 
2441 
2448 
2455 
2457 
2461 
2466 
2469 
2473 
2475 
2481 
2488 
2495 
2504 
2516 
2528 
2547 
2563 
2579 
2595 
2607 
2612 
2610 
2604 
2596 
2587 
2578 
2568 
2559 
2549 
2537 
2528 
2519 
2508 
2502 
2497 
2490 
2486 
2484 
2483 
2483 
2480 
2478 
2478 
2481 
2483 
2483 
2485 
2487 
2490 
2491 
2493 
2495 
2496 
2498 
2504 
2509 
2512 
2516 
2520 
2523 
2526 
2529 
2534 
2539 
2544 
2548 
2554 
2560 
2568 
2577 
2588 
2599 
2612 
2629 
2647 
2667 
2686 
2703 
2718 
2733 
2751 
2769 
2786 
2802 
2819 
2839 
2859 
2877 
2893 
2907 
2921 
2934 
2946 
2958 
2963 
2966 
2973 
2978 
2986 
2995 
3007 
3023 
3037 
3050 
3062 
3074 
3085 
3095 
3104 
3114 
3124 
3135 
3144 
3150 
3156 
3161 
3166 
3169 
3170 
3169 
3165 
3162 
3161 
3161 
3161 
3161 
3160 
3159 
3160 
3160 
3160 
3161 
3163 
3166 
3174 
3184 
3192 
3202 
3207 
3213 
3221 
3227 
3235 
3245 
3259 
3272 
3282 
3291 
3293 
3293 
3291 
3281 
3267 
3252 
3237 
3218 
3202 
3188 
3175 
3166 
3157 
3149 
3137 
3124 
3109 
3092 
3074 
3059 
3043 
3031 
3019 
3005 
2990 
2973 
2954 
2933 
2913 
2892 
2873 
2852 
2826 
2799 
2772 
2745 
2714 
2682 
2652 
2626 
2606 
2586 
2564 
2546 
2536 
2525 
2512 
2499 
2484 
2468 
2455 
2444 
2436 
2427 
2416 
2405 
2396 
2389 
2381 
2372 
2363 
2352 
2341 
2332 
2323 
2319 
2313 
2307 
2295 
2282 
2268 
2255 
2246 
2237 
2229 
2220 
2214 
2207 
2199 
2188 
2178 
2171 
2167 
2164 
2162 
2159 
2160 
2161 
2166 
2171 
2175 
2172 
2168 
2162 
2158 
2154 
0 
0 
0 
0 
0 
0 
0 
0 
0 
0 
0 
0 
0 
0 
0 
0 
0 
0 
0 
0 
0 
0 
0 
0 
0 
0 
0 
0 
0 
0 
0 
0 
0 
0 
0 
0 
0 
0 
0 
0 
0 
